#FIG 3.2
Landscape
Center
Inches
Letter  
100.00
Single
-2
1200 2
1 3 0 1 0 26 50 0 20 0.000 1 0.0000 2625 3075 168 168 2625 3075 2793 3075
1 3 0 1 0 31 50 0 20 0.000 1 0.0000 3375 3075 168 168 3375 3075 3543 3075
1 3 0 1 0 31 50 0 20 0.000 1 0.0000 2625 4350 168 168 2625 4350 2793 4350
1 3 0 1 0 0 50 0 20 0.000 1 0.0000 3375 4350 168 168 3375 4350 3543 4350
1 3 0 1 0 29 50 0 20 0.000 1 0.0000 4875 3075 168 168 4875 3075 5043 3075
1 3 0 1 0 25 50 0 20 0.000 1 0.0000 5700 3075 168 168 5700 3075 5868 3075
1 3 0 1 0 25 50 0 20 0.000 1 0.0000 4875 4350 168 168 4875 4350 5043 4350
1 3 0 1 0 0 50 0 20 0.000 1 0.0000 5700 4350 168 168 5700 4350 5868 4350
1 3 0 1 0 0 50 0 20 0.000 1 0.0000 7050 3075 168 168 7050 3075 7218 3075
1 3 0 1 26 26 50 0 20 0.000 1 0.0000 7875 3075 168 168 7875 3075 8043 3075
1 3 0 1 15 0 50 0 20 0.000 1 0.0000 7050 4350 168 168 7050 4350 7218 4350
1 3 0 1 0 31 50 0 20 0.000 1 0.0000 7875 4350 168 168 7875 4350 8043 4350
1 3 0 1 0 31 50 0 20 0.000 1 0.0000 9225 3075 168 168 9225 3075 9393 3075
1 3 0 1 0 29 50 0 20 0.000 1 0.0000 10050 3075 168 168 10050 3075 10218 3075
1 3 0 1 0 0 50 0 20 0.000 1 0.0000 9225 4350 168 168 9225 4350 9393 4350
1 3 0 1 0 31 50 0 20 0.000 1 0.0000 10050 4350 168 168 10050 4350 10218 4350
1 3 0 1 0 31 50 0 20 0.000 1 0.0000 7050 5700 168 168 7050 5700 7218 5700
1 3 0 1 0 31 50 0 20 0.000 1 0.0000 2550 5700 168 168 2550 5700 2718 5700
1 3 0 1 0 31 50 0 20 0.000 1 0.0000 4725 7050 168 168 4725 7050 4893 7050
1 3 0 1 0 31 50 0 20 0.000 1 0.0000 5700 7050 168 168 5700 7050 5868 7050
1 3 0 1 0 31 50 0 20 0.000 1 0.0000 10125 7050 168 168 10125 7050 10293 7050
1 3 0 1 0 25 50 0 20 0.000 1 0.0000 3375 5700 168 168 3375 5700 3543 5700
1 3 0 1 0 25 50 0 20 0.000 1 0.0000 2550 7050 168 168 2550 7050 2718 7050
1 3 0 1 0 25 50 0 20 0.000 1 0.0000 3375 7050 168 168 3375 7050 3543 7050
1 3 0 1 0 25 50 0 20 0.000 1 0.0000 10050 5700 168 168 10050 5700 10218 5700
1 3 0 1 0 0 50 0 20 0.000 1 0.0000 4725 5700 168 168 4725 5700 4893 5700
1 3 0 1 0 0 50 0 20 0.000 1 0.0000 5550 5700 168 168 5550 5700 5718 5700
1 3 0 1 0 0 50 0 20 0.000 1 0.0000 6975 7050 168 168 6975 7050 7143 7050
1 3 0 1 0 25 50 0 20 0.000 1 0.0000 7875 5700 168 168 7875 5700 8043 5700
1 3 0 1 0 25 50 0 20 0.000 1 0.0000 9375 7050 168 168 9375 7050 9543 7050
1 3 0 1 0 29 50 0 20 0.000 1 0.0000 9300 5700 168 168 9300 5700 9468 5700
1 3 0 1 0 25 50 0 20 0.000 1 0.0000 7800 7050 168 168 7800 7050 7968 7050
1 3 0 1 0 26 50 0 20 0.000 1 0.0000 7125 1125 168 168 7125 1125 7293 1125
2 2 0 1 0 18 50 0 -1 0.000 0 0 -1 0 0 5
	 2250 2100 3825 2100 3825 2850 2250 2850 2250 2100
2 2 0 1 0 7 50 0 -1 0.000 0 0 -1 0 0 5
	 4500 2100 6075 2100 6075 2850 4500 2850 4500 2100
2 2 0 1 0 7 50 0 -1 0.000 0 0 -1 0 0 5
	 6675 2100 8250 2100 8250 2850 6675 2850 6675 2100
2 2 0 1 0 7 50 0 -1 0.000 0 0 -1 0 0 5
	 8850 2100 10425 2100 10425 2850 8850 2850 8850 2100
2 2 0 1 0 7 50 0 -1 0.000 0 0 -1 0 0 5
	 2250 4725 3825 4725 3825 5475 2250 5475 2250 4725
2 2 0 1 0 7 50 0 -1 0.000 0 0 -1 0 0 5
	 2250 3375 3825 3375 3825 4125 2250 4125 2250 3375
2 2 0 1 0 7 50 0 -1 0.000 0 0 -1 0 0 5
	 2250 6075 3825 6075 3825 6825 2250 6825 2250 6075
2 2 0 1 0 7 50 0 -1 0.000 0 0 -1 0 0 5
	 4500 3375 6075 3375 6075 4125 4500 4125 4500 3375
2 2 0 1 0 7 50 0 -1 0.000 0 0 -1 0 0 5
	 6675 3375 8250 3375 8250 4125 6675 4125 6675 3375
2 2 0 1 0 7 50 0 -1 0.000 0 0 -1 0 0 5
	 8850 3375 10425 3375 10425 4125 8850 4125 8850 3375
2 2 0 1 0 7 50 0 -1 0.000 0 0 -1 0 0 5
	 4500 4725 6075 4725 6075 5475 4500 5475 4500 4725
2 2 0 1 0 7 50 0 -1 0.000 0 0 -1 0 0 5
	 6675 4725 8250 4725 8250 5475 6675 5475 6675 4725
2 2 0 1 0 7 50 0 -1 0.000 0 0 -1 0 0 5
	 8850 4725 10425 4725 10425 5475 8850 5475 8850 4725
2 2 0 1 0 7 50 0 -1 0.000 0 0 -1 0 0 5
	 4500 6075 6075 6075 6075 6825 4500 6825 4500 6075
2 2 0 1 0 7 50 0 -1 0.000 0 0 -1 0 0 5
	 6675 6075 8250 6075 8250 6825 6675 6825 6675 6075
2 2 0 1 0 7 50 0 -1 0.000 0 0 -1 0 0 5
	 8850 6075 10425 6075 10425 6825 8850 6825 8850 6075
2 2 0 1 0 7 50 0 -1 0.000 0 0 -1 0 0 5
	 4350 225 8925 225 8925 450 4350 450 4350 225
2 1 0 4 0 7 50 0 -1 0.000 0 0 -1 1 0 2
	1 1 4.00 60.00 120.00
	 975 7650 975 5700
2 1 0 4 0 7 50 0 -1 0.000 0 0 -1 1 0 2
	1 1 4.00 60.00 120.00
	 975 7650 2925 7650
4 0 0 50 0 0 18 0.0000 4 195 690 8700 750 Board\001
4 0 0 50 0 0 18 0.0000 4 195 675 600 5625 North\001
4 0 0 50 0 0 18 0.0000 4 195 480 3075 7800 East\001
4 0 0 50 0 0 18 0.0000 4 195 735 2625 6525 Exeter\001
4 0 0 50 0 0 18 0.0000 4 255 945 4800 2550 Glasgow\001
4 0 0 50 0 0 18 0.0000 4 255 1170 6900 2550 Edinburgh\001
4 0 0 50 0 0 18 0.0000 4 195 870 6975 6525 London\001
4 0 0 50 0 0 18 0.0000 4 255 915 4800 6525 Reading\001
4 0 0 50 0 0 18 0.0000 4 195 810 2625 5175 Cardiff\001
4 0 0 50 0 0 18 0.0000 4 195 855 2550 3825 Carlisle\001
4 0 0 50 0 0 18 0.0000 4 195 960 9225 5175 Norwich\001
4 0 0 50 0 0 18 0.0000 4 255 1080 4800 3825 Liverpool\001
4 0 0 50 0 0 18 0.0000 4 195 1320 6825 3825 Manchester\001
4 0 0 50 0 0 18 0.0000 4 255 1440 4575 5175 Birmingham\001
4 0 0 50 0 0 18 0.0000 4 195 480 9375 3825 Hull\001
